0 -1604.565623033645004
1 -1622.382862076897925
10 -6436.125563332338066
102 -9698.847840986277800
1090 -14566.357089238216795
1099 -14512.498503095725968
11 -6453.950022783497633
110 -9698.710772149852632
1105 -14530.344718738377972
1118 -14512.266299000656927
12 -6471.758788197995049
121 -9645.290159142499532
125 -9681.020089636471165
126 -9699.003948820234645
128 -9716.683786503801665
129 -9645.207411871944752
13 -6436.054178044181223
130 -9663.075774869908591
131 -9663.073431424473703
132 -9680.947212483521384
134 -9698.750574939259811
135 -9698.762467952053263
14 -6453.965745528182702
144 -11285.537633942746384
145 -11285.508832992909333
15 -6471.752004941167264
16 -6436.105875615122603
17 -6453.951314236358058
175 -11300.655853244601046
18 -6471.748013573582622
183 -11321.121418694885097
19 -6436.076536968097984
191 -11303.382232956354186
192 -11285.560015043950993
2 -3226.984342519624931
20 -6471.726428541771855
21 -6436.135742843517086
215 -11321.216806747399036
22 -6454.004431153721683
220 -11285.550753645277466
228 -11285.538304839718018
23 -6471.842114935230459
232 -11285.400344013727643
238 -11321.191165312766872
24 -6436.120338336109780
241 -12854.383603002225986
25 -6471.778393872851174
26 -6436.044157311498633
27 -6453.944762956682298
28 -6471.737908621629004
29 -8040.685735106995947
3 -3226.899746642873924
30 -8058.533238392912917
307 -12925.763958277178697
31 -8058.513695168210915
32 -8076.358378128975784
34 -8094.139856635716934
36 -8058.379456316983474
366 -12907.984128100758243
37 -8058.482360973450956
38 -8076.230731510575282
39 -8076.327435370149183
4 -4831.559991728231751
41 -8040.677561892053740
44 -8094.161525478627787
45 -8040.713380660953233
46 -8058.580066892687418
47 -8058.565897646607524
48 -8076.409248745588713
489 -12943.632204538253129
49 -8076.430141383424901
5 -4849.378523448857923
50 -8094.271714625839805
51 -8040.668682949552849
52 -8058.508463097019635
53 -8058.545084738162003
54 -8076.357273890520747
542 -12907.804159137761170
55 -8076.349870894146056
56 -8094.132633506670675
570 -12943.595487793281280
588 -12907.942304729131281
593 -12925.739387883098288
6 -4831.503761555036664
60 -9680.955645023068730
604 -12907.936761087454290
626 -12925.727285614668581
68 -9680.791012266874671
7 -4849.363303570773373
73 -9645.258721272320310
746 -14530.365384433170419
751 -14548.213829641564498
76 -9680.951772161114243
8 -4831.599503763871260
81 -9645.264455801941167
84 -9680.994945354046332
86 -9698.853006389548557
88 -9716.779531025604932
89 -9645.233590187422601
9 -4849.395448801195046
90 -9662.997940072697522
91 -9663.159105552796441
920 -14512.566940845453793
929 -14458.966401596995547
93 -9680.927562181975603
94 -9698.814222530869540
96 -9716.542363980052357
97 -9645.214841535487653
