0 -1604.565623033645004
1 -1973.845568401264308
10 -6787.410122224564452
100 -10734.903148226294791
101 -10734.863501358187448
102 -11104.218883790847649
103 -11099.192764772332005
104 -11473.588482817417015
1045 -16273.235375972787497
105 -9996.537402230868222
106 -10365.805182607789734
108 -10735.056944996378145
11 -7156.679392697538153
110 -11104.321935524911224
112 -11473.611038751841772
113 -9996.500509292106418
115 -10365.675473093448465
116 -10734.912377515520881
117 -10734.925789468446421
119 -11104.229516371772267
12 -7525.935675987479934
120 -11473.634923690853615
121 -9996.464168064401190
124 -10734.947917911837945
125 -10734.820913754500119
128 -11473.591274298489216
129 -9996.454584890968403
13 -6787.389300064244246
130 -10365.589303717716126
131 -10362.538983763797902
132 -10734.774391518989084
134 -11104.147368840388237
135 -11099.184797683715497
136 -11473.573959959244386
14 -7156.618092360958770
15 -7525.952227591291184
157 -11970.363783060377973
16 -6787.338694078458700
167 -13078.143621572246321
17 -7156.570007647081836
172 -12339.443616501127452
18 -7525.875959354155434
19 -6787.329347372058300
193 -12339.303480668244246
197 -12708.589832550911887
20 -7525.863093261836302
201 -11601.028816385836746
21 -6787.319490179866464
216 -13447.433544270371384
217 -11601.021952855390372
22 -7156.539714424280906
224 -13447.424831861614821
227 -11966.811577748884909
228 -12339.304135782606124
23 -7525.881617283696180
231 -12708.589439210180799
232 -12339.419269784723248
24 -6787.302596936976777
240 -13447.448127401786445
241 -13205.670117305378417
25 -7525.828304308223423
26 -6787.340222270465474
264 -15421.288124405749707
27 -7156.519056076565414
28 -7525.894572901508586
29 -8391.972288186387866
3 -3578.302103532898757
30 -8761.082535124309179
31 -8761.250997884508816
33 -9126.590738534493746
34 -9494.914084006101211
35 -8391.941229370956763
36 -8761.142248356209162
37 -8761.131418084491645
38 -9130.423852258422711
4 -5182.830793899143604
40 -9499.795916909595597
41 -8389.912518426865571
42 -8761.084242095188539
43 -9130.364303111241404
44 -9494.936454903032270
45 -8389.905001958969010
46 -8761.035893158655163
47 -8761.096955939746313
48 -9130.308824652864463
49 -9130.392870451242661
5 -5552.100187639741783
50 -9499.749112355849692
51 -8391.895366603630987
52 -8761.094276977797117
527 -14307.743183589184474
53 -8761.045997158209916
530 -14307.758985382975307
54 -9130.359537035208884
544 -13943.971050653269866
55 -9130.343642722671202
555 -14682.523867377913018
57 -9996.470968328351557
58 -10365.586009506100386
588 -14313.286269337353197
6 -5182.839175825494144
60 -10734.802716949678728
624 -14313.032540211601860
63 -11104.196489083944975
64 -11473.580855599138196
65 -9996.481846083955324
66 -10365.671984728521324
68 -10734.889687837084136
7 -5552.134871693422572
70 -11104.226878090860289
72 -11473.586605911368810
73 -9996.436614757076791
74 -10365.592608405719376
75 -10365.552563979114544
76 -10734.845492856227290
77 -10734.786380996181824
78 -11104.156712825649024
79 -11099.185364361039946
8 -5182.777610722030398
80 -11473.540140275561730
81 -9996.453224185104822
87 -11104.119191303636570
88 -11473.554550070383430
89 -9994.174725685992014
9 -5552.052330685250473
90 -10365.624900713737143
91 -10365.587643142267170
92 -10734.808089295617069
93 -10734.852207540336822
94 -11104.167334385958208
95 -11104.180829741812893
96 -11467.480142492646153
97 -9996.476035498482278
99 -10362.542613083757007
