0 -1604.565623033645004
1 -1348.963048986209957
10 -6162.481899092794717
100 -8860.452958999271459
102 -8605.078771696199075
104 -8349.407946841327630
1058 -13418.581654019476597
11 -5906.919141032293974
113 -9371.670371678549187
114 -9116.087580996387007
115 -9115.853676325116697
118 -8605.054425251908833
119 -8604.711691867176124
12 -5651.309062626033644
121 -9371.610698039230575
122 -9115.979904549493819
124 -8860.402843090730251
126 -8604.935932819281097
128 -8349.391723815124674
129 -9371.602954628290273
13 -6162.533906601538041
132 -8860.189145602227564
133 -8860.366620368655178
135 -8604.700512065075292
137 -10976.195865386033427
14 -5907.073274407347481
141 -10712.036621973688498
15 -5651.410873656490580
16 -6162.506451391296698
17 -5907.027814096570497
173 -10720.679803850035945
176 -10465.088961723929249
18 -5651.351311719953091
183 -9954.040616306016231
185 -10976.183437805362962
189 -10720.495455484945388
19 -6162.391142555959425
194 -10209.452137508524737
195 -10209.485040576328687
2 -2953.369961687972052
20 -5651.224220894318585
200 -9698.367897129803056
203 -10720.457649331729394
21 -6162.472697831306642
22 -5906.926452462320681
222 -10209.316362710042626
225 -10976.132675217992678
23 -5651.384879153993603
234 -10209.139775987527780
237 -10209.095877746945754
24 -6162.407740827315042
25 -5651.233189362312750
26 -6162.427662834651202
27 -5906.810529329715728
28 -5651.258135137602800
29 -7767.053237199912345
3 -2953.347220716053598
30 -7511.312261501869584
32 -7255.725885854323994
327 -11814.017768841645562
33 -7255.878764511901855
34 -7000.285037569634225
348 -11814.030781739446827
35 -7767.067665634540396
36 -7511.357115270626786
38 -7255.717530867255625
39 -7256.070627712205206
4 -4557.946105599760553
40 -7000.382929206649288
42 -7511.574444664171211
44 -7000.438859374202020
45 -7762.759135350168148
46 -7511.364985486673063
47 -7511.419643521456625
49 -7255.935522041953980
5 -4302.349946366849664
51 -7767.058037154133049
52 -7511.442468440532146
53 -7511.345168243212012
54 -7255.922079340150811
542 -11814.081007173857466
55 -7255.733300415542042
554 -11303.032749920867915
56 -7000.298184483561439
566 -11813.991703589518642
59 -9115.944168639295547
6 -4558.049098421151502
60 -8860.460784588628080
622 -11813.867423973218533
624 -11813.554656050020344
63 -8604.651409372869060
65 -9371.561732084289906
67 -9115.766506794519525
68 -8860.244392219509460
7 -4302.405447682799356
73 -9371.623687263117205
74 -9116.063643947551571
745 -13162.975600042647209
77 -8860.475686093377886
78 -8604.982165525537287
8 -4557.995458500754219
80 -8349.336127803516442
83 -9115.822743498449685
85 -8860.299777342797668
86 -8604.877856897086376
87 -8604.690509836142072
9 -4302.393250854768090
91 -9115.893817624291759
93 -8860.183331343216040
94 -8604.712036499508136
98 -9116.043105466036040
99 -9115.871100054173978
