0 -1622.382862621125848
1 -1973.845568537321288
101 -10788.687883592082235
103 -11139.900892567205179
104 -11491.486780800151705
105 -10085.653151880528773
106 -10437.130935359206994
11 -7192.356642336769176
116 -10788.685794165030239
12 -7543.782485790966480
121 -10085.843437772255333
122 -10437.254719047812597
123 -10437.177720184690702
124 -10788.586365492304660
127 -11139.868325151972517
129 -10085.633244023118602
13 -6840.979329047003487
131 -10437.001877149632144
132 -10788.357041451402230
135 -11139.849676910089296
137 -11708.296986756828374
14 -7192.504941860605943
141 -12059.866204744276515
142 -12411.114430300102551
145 -12411.166085693379926
149 -12762.491896381857521
15 -7543.840809608979963
16 -6840.915236004839077
163 -12762.379189092047448
17 -7192.474613126933061
170 -12059.412959213059702
18 -7543.801629552373264
180 -13113.714692343770280
19 -6840.799939142516103
193 -12410.927842028939388
197 -12762.403884930664025
2 -3596.093655698487973
20 -7543.698845306333667
200 -13465.328481101455850
21 -6840.975848301267262
211 -12762.443838199091815
217 -11708.256491573446615
22 -7192.385952819998798
226 -12059.344345405598903
227 -12059.411096729051447
23 -7543.780384663014147
237 -12762.169276028461819
238 -13113.685312879651463
24 -6840.800740518132190
241 -13330.438756544281683
25 -7543.708207795343824
259 -15087.674910248243583
26 -6840.831360277686704
265 -13330.712314886508369
27 -7192.253114675387252
28 -7543.733041595738791
3 -3596.084436613535432
30 -8814.600222338337537
31 -8814.735057255197248
32 -9166.046655567532080
329 -14384.663305366205727
33 -9166.173750746989967
34 -9517.623777785271664
35 -8463.382324019557595
36 -8814.624276396176341
37 -8814.936125118413190
38 -9166.135045665302752
39 -9166.258127980173053
4 -5218.499425961333584
40 -9517.655456340249673
41 -8463.406052901212622
42 -8814.934782916298979
43 -9166.300738033262191
437 -14033.070476050333849
44 -9517.703810583005295
45 -8463.447370412985489
458 -14032.991093060739850
46 -8814.803668613632396
47 -8814.828384588682111
48 -9166.131278791736199
49 -9166.173987894307257
5 -5569.958581606675683
50 -9517.639220252576574
51 -8463.303011235365616
52 -8814.814760795037683
522 -14033.222667211988435
53 -8814.604732355132454
530 -14384.855237547398272
54 -9166.192980904579471
544 -14033.118438993213093
559 -15439.197756887372240
56 -9517.635587531192952
571 -14736.090013870686067
6 -5218.551357006053777
60 -10788.673663188577613
624 -14384.447853967165352
631 -14951.431698738768614
64 -11491.461980741887943
672 0
68 -10788.430675625392403
69 -10788.496658771132141
7 -5570.073097910100611
73 -10085.743329767025318
74 -10437.307324935156863
75 -10437.159186094614255
756 -17412.986758374414328
76 -10788.654441466520910
78 -11140.091329618237251
8 -5218.522563947521604
82 -10437.243206314280090
83 -10437.011150793433930
84 -10788.503803667414520
86 -11140.051730234016158
89 -10085.621688975865109
9 -5570.004455666730854
91 -10437.081773074043232
928 -17412.994128444999699
93 -10788.365327321524424
95 -11139.825303254402922
98 -10437.389065384054759
99 -10437.233714162967364
