0 -1622.382863029296790
1 -1348.963048986209957
10 -6216.216870393392940
101 -8914.150954638463636
1033 -14318.373942438717155
105 -9461.088988384925298
106 -9187.679933047584155
108 -8914.175568026549934
11 -5942.821862803247962
110 -8640.747191645556206
1112 -13508.334916611541025
112 -8367.385454749176921
1123 -13233.988605551527340
113 -9460.989522024416076
1135 -15950.826826152417497
115 -9187.525375991092873
119 -8640.649627905864533
12 -5669.371535533222472
120 -8367.385458286658418
121 -9460.996986246432064
124 -8914.100867301888367
128 -8367.237914695406197
13 -6216.249370732534136
130 -9187.389806094423636
132 -8913.838807135097257
14 -5942.827427261642994
15 -5669.304400801198428
157 -10810.111527741700918
16 -6216.212911543426676
17 -5942.756815321364222
172 -10536.458870271792924
18 -5669.349806417069186
19 -6216.201016217664553
2 -2971.368964966081855
20 -5669.341602181135388
21 -6216.098160949881052
211 -10263.092893975953253
22 -5942.935361128343592
223 -10809.926109832685393
224 -9716.211205779006279
228 -10536.288683669648324
231 -10262.779481550837678
24 -6215.934537464369529
241 -12705.957888492808066
25 -5669.111336081698869
26 -6215.996762580246457
27 -5942.484297815039585
28 -5669.150291100059556
288 -11065.113066403531937
29 -7838.658792220512739
3 -2971.314281080471969
30 -7565.179742777642001
31 -7565.240337930890623
32 -7291.773314292426461
33 -7291.767635410110693
35 -7838.644010718019875
36 -7565.090163269746399
37 -7565.257068313574460
371 -12705.485289808491233
38 -7291.696998163233518
388 -11065.193876630853060
39 -7291.801959184906695
4 -4593.812269948467044
40 -7018.383789662545100
41 -7838.673980261263815
42 -7565.156546014838336
428 -11065.140821755472616
44 -7018.289413873967271
443 -11885.460148276314767
45 -7838.944901411034369
458 -12158.941234900356927
46 -7565.265983719346168
47 -7565.123838733029556
48 -7291.880682298144493
49 -7291.918776620045525
5 -4320.385613191651878
50 -7018.256049300884923
51 -7838.406832379737905
52 -7565.001711810277449
53 -7564.888346004680982
536 -12705.838103654921041
54 -7291.561560377892502
55 -7291.459011646486428
56 -7018.126341011056480
58 -9187.521446529434432
588 -11885.129438246962983
59 -9187.612470282179739
593 -11611.766661603137493
6 -4593.783536618949381
62 -8640.687454467627627
624 -11885.486997760878211
629 -11338.689159576314265
63 -8640.710416940310595
68 -8914.119424113480585
69 -8914.154571713294482
7 -4320.377844610170153
72 -8367.358352470743410
73 -9460.952787183865799
74 -9187.485195915678323
75 -9187.569108378215475
8 -4593.954589904060785
81 -9461.025987200030685
85 -8640.995409919362890
88 -8367.263204286686375
9 -4320.212504493733643
93 -8914.416790930695984
94 -8640.884909745893084
