0 -1973.845569081549211
1 -1348.963048986209957
10 -7269.870266704660215
100 -9967.887068015635985
108 -9967.674290544436520
11 -6645.042432127614616
13 -7270.157393193226240
14 -6645.446424895775528
15 -6020.472935878654173
16 -7269.814609467410687
17 -6645.364503082922413
2 -3322.258502551395069
21 -7269.890022722479970
22 -6645.000401677263090
23 -6020.227509630147612
24 -7269.545954890880948
25 -6019.962722337236153
26 -7269.795164339791741
27 -6644.665510889009586
28 -6020.099845460396605
3 -3322.418819308048631
31 -8619.121388999964611
33 -7993.998718401600869
34 -7369.180492848814382
36 -8618.869303442539647
37 -8619.115098133349834
38 -7993.888505308360255
39 -7994.454890518471678
4 -5296.104949472583498
41 -9243.797605487358164
42 -8618.927097318613459
43 -7994.311285776809564
47 -8618.775569298682611
48 -7993.964204555202885
49 -7993.954674035821613
5 -4671.290497868326559
52 -8618.682530269939767
54 -7994.064027521058417
55 -7993.513207501648460
58 -10592.153650948507443
6 -5296.449820312482375
621 -13290.011241510025436
7 -4671.487003060696067
8 -5296.113758617853311
9 -4671.267545463860159
91 -10592.335288922486273
93 -9967.139798723275569
94 -9342.398655164426160
